2 0.361806 0.206250 0.262500 0.195312
2 0.605556 0.200781 0.275000 0.181250
2 0.575694 0.364844 0.251389 0.184375
2 0.334028 0.360156 0.273611 0.170313
2 0.254861 0.521094 0.273611 0.201563
2 0.499306 0.528906 0.226389 0.182812
2 0.500694 0.691016 0.243056 0.185156
2 0.259028 0.703125 0.273611 0.192188
2 0.514583 0.893359 0.287500 0.202344
2 0.281250 0.894141 0.259722 0.194531
2 0.818056 0.920703 0.341667 0.149219
2 0.779861 0.783203 0.351389 0.174219
2 0.761111 0.630859 0.402778 0.164844
2 0.806944 0.501172 0.327778 0.150781
2 0.818750 0.358203 0.281944 0.178906
2 0.852778 0.210156 0.266667 0.192188
