2 0.478472 0.163281 0.306944 0.157812
2 0.453472 0.285547 0.376389 0.139844
2 0.380556 0.448828 0.297222 0.192969
2 0.347917 0.625000 0.293056 0.220312
2 0.620833 0.619531 0.233333 0.182812
2 0.652083 0.446484 0.212500 0.188281
2 0.348611 0.827344 0.280556 0.190625
2 0.606250 0.806250 0.315278 0.225000
2 0.788194 0.155078 0.312500 0.149219
2 0.804167 0.283203 0.311111 0.144531
2 0.865972 0.426953 0.248611 0.177344
2 0.860417 0.607031 0.262500 0.204687
2 0.867361 0.797656 0.259722 0.245312
2 0.102778 0.833984 0.200000 0.219531
2 0.124306 0.632422 0.245833 0.196094
2 0.118750 0.442188 0.234722 0.182812
2 0.138194 0.278906 0.273611 0.157812
2 0.158333 0.146094 0.313889 0.156250
