2 0.273611 0.201172 0.408333 0.217969
2 0.570833 0.206641 0.350000 0.242969
2 0.851389 0.202344 0.297222 0.223438
2 0.821528 0.399609 0.356944 0.205469
2 0.550000 0.419531 0.366667 0.198437
2 0.293056 0.403125 0.411111 0.190625
2 0.217361 0.578906 0.259722 0.210938
2 0.480556 0.589063 0.355556 0.225000
2 0.781944 0.540625 0.338889 0.189062
2 0.740278 0.689844 0.502778 0.176563
2 0.477083 0.753125 0.315278 0.192188
2 0.486806 0.905078 0.309722 0.189844
2 0.787500 0.831250 0.366667 0.153125
2 0.276389 0.915625 0.294444 0.159375
2 0.263889 0.755078 0.311111 0.200781
