2 0.522222 0.336328 0.291667 0.200781
2 0.565278 0.163672 0.277778 0.207031
2 0.809722 0.173047 0.319444 0.202344
2 0.765278 0.342187 0.261111 0.195312
2 0.709028 0.520312 0.262500 0.200000
2 0.447917 0.500000 0.320833 0.193750
2 0.426389 0.696484 0.347222 0.246094
2 0.705556 0.700391 0.322222 0.203906
2 0.719444 0.897266 0.322222 0.205469
2 0.440972 0.888281 0.331944 0.192188
2 0.173611 0.676953 0.277778 0.213281
2 0.188194 0.489844 0.301389 0.225000
2 0.270833 0.319531 0.338889 0.212500
2 0.284722 0.157031 0.302778 0.226562
