2 0.334028 0.139063 0.301389 0.198437
2 0.590278 0.147656 0.283333 0.237500
2 0.859722 0.158594 0.280556 0.195312
2 0.812500 0.352344 0.366667 0.192188
2 0.594444 0.335547 0.288889 0.219531
2 0.315278 0.305469 0.336111 0.206250
2 0.223611 0.489063 0.313889 0.223438
2 0.465972 0.502734 0.287500 0.236719
2 0.761111 0.535547 0.297222 0.214844
2 0.731250 0.707422 0.287500 0.213281
2 0.489583 0.705078 0.337500 0.205469
2 0.171528 0.682813 0.337500 0.217188
2 0.171528 0.898438 0.340278 0.198437
2 0.459028 0.900781 0.312500 0.198437
2 0.720139 0.894531 0.304167 0.210938
