2 0.164062 0.157639 0.151562 0.312500
2 0.310937 0.149306 0.167187 0.295833
2 0.444922 0.146528 0.146094 0.290278
2 0.570312 0.143056 0.156250 0.277778
2 0.725391 0.161111 0.191406 0.319444
2 0.749219 0.489583 0.179688 0.379167
2 0.594531 0.487500 0.153125 0.352778
2 0.453516 0.481250 0.138281 0.315278
2 0.310547 0.477778 0.144531 0.322222
2 0.189453 0.469444 0.172656 0.333333
2 0.187500 0.777778 0.153125 0.336111
2 0.312891 0.819444 0.142969 0.361111
2 0.447656 0.818056 0.148438 0.363889
2 0.580859 0.809722 0.147656 0.347222
2 0.739844 0.818056 0.153125 0.336111
