2 0.219444 0.211719 0.305556 0.187500
2 0.516667 0.221875 0.272222 0.167187
2 0.763194 0.225000 0.256944 0.178125
2 0.747917 0.388281 0.229167 0.170313
2 0.246528 0.372656 0.318056 0.171875
2 0.522222 0.385937 0.263889 0.195312
2 0.256250 0.516406 0.306944 0.132812
2 0.544444 0.547656 0.266667 0.198437
2 0.812500 0.555469 0.238889 0.187500
2 0.814583 0.729688 0.251389 0.190625
2 0.560417 0.728906 0.193056 0.195312
2 0.271528 0.803906 0.368056 0.153125
2 0.306250 0.657422 0.368056 0.139844
2 0.525000 0.909766 0.305556 0.180469
2 0.806250 0.902734 0.237500 0.194531
