2 0.325000 0.350391 0.269444 0.171094
2 0.599306 0.337109 0.298611 0.183594
2 0.821528 0.323828 0.315278 0.185156
2 0.831944 0.133984 0.275000 0.197656
2 0.548611 0.138281 0.277778 0.190625
2 0.284028 0.178906 0.323611 0.214062
2 0.136806 0.490625 0.270833 0.126562
2 0.378472 0.503516 0.251389 0.166406
2 0.623611 0.495312 0.269444 0.162500
2 0.636111 0.673828 0.313889 0.172656
2 0.404861 0.678516 0.287500 0.158594
2 0.377083 0.846875 0.273611 0.168750
2 0.606250 0.832422 0.281944 0.175781
2 0.155556 0.755859 0.308333 0.149219
2 0.894444 0.663281 0.211111 0.184375
2 0.890278 0.488281 0.213889 0.192188
