2 0.602778 0.184375 0.430556 0.159375
2 0.538889 0.298047 0.416667 0.144531
2 0.189583 0.263281 0.376389 0.167187
2 0.222917 0.135547 0.443056 0.147656
2 0.652778 0.460938 0.333333 0.192188
2 0.352083 0.436328 0.318056 0.194531
2 0.127778 0.417187 0.252778 0.189062
2 0.273611 0.618359 0.336111 0.197656
2 0.581944 0.648047 0.341667 0.202344
2 0.502778 0.817969 0.344444 0.204687
2 0.177778 0.798438 0.322222 0.231250
2 0.859722 0.664844 0.280556 0.232813
2 0.790972 0.844141 0.362500 0.211719
2 0.873611 0.310547 0.252778 0.144531
