2 0.184028 0.137109 0.365278 0.167969
2 0.514583 0.164062 0.406944 0.167187
2 0.527778 0.290625 0.361111 0.142187
2 0.190278 0.275000 0.377778 0.171875
2 0.147917 0.443750 0.279167 0.204687
2 0.393056 0.445312 0.352778 0.206250
2 0.688194 0.448437 0.298611 0.195312
2 0.660417 0.621484 0.331944 0.205469
2 0.384028 0.626172 0.343056 0.189844
2 0.113889 0.635547 0.225000 0.182031
2 0.352778 0.833984 0.325000 0.197656
2 0.665278 0.814844 0.277778 0.220312
2 0.893750 0.818750 0.193056 0.201563
2 0.841667 0.278516 0.294444 0.125781
2 0.844444 0.155078 0.300000 0.144531
