2 0.241406 0.176389 0.153125 0.350000
2 0.382812 0.177083 0.153125 0.315278
2 0.511328 0.159028 0.117969 0.315278
2 0.646094 0.169444 0.143750 0.336111
2 0.768750 0.162500 0.143750 0.322222
2 0.746875 0.450000 0.160938 0.283333
2 0.635938 0.453472 0.160938 0.306944
2 0.517188 0.452083 0.167187 0.320833
2 0.378906 0.489583 0.181250 0.304167
2 0.226172 0.518056 0.177344 0.361111
2 0.234766 0.823611 0.149219 0.352778
2 0.375391 0.823611 0.171094 0.319444
2 0.496094 0.790278 0.151562 0.366667
2 0.630859 0.806250 0.130469 0.387500
2 0.744141 0.743750 0.172656 0.320833
