2 0.261111 0.415625 0.325000 0.192188
2 0.239583 0.230469 0.334722 0.223438
2 0.518750 0.220703 0.415278 0.205469
2 0.829167 0.204297 0.322222 0.214844
2 0.816667 0.378516 0.366667 0.169531
2 0.543750 0.405469 0.326389 0.159375
2 0.496528 0.588281 0.340278 0.195312
2 0.236806 0.589063 0.326389 0.185938
2 0.804861 0.525000 0.343056 0.176563
2 0.760417 0.669531 0.431944 0.181250
2 0.516667 0.754297 0.383333 0.175781
2 0.261111 0.752344 0.347222 0.160938
2 0.308333 0.921875 0.311111 0.156250
2 0.581250 0.914062 0.304167 0.139063
2 0.849306 0.933594 0.301389 0.129688
