2 0.322917 0.159375 0.318056 0.190625
2 0.591667 0.145313 0.277778 0.198437
2 0.845139 0.158594 0.304167 0.187500
2 0.604167 0.333203 0.308333 0.189844
2 0.363889 0.333594 0.361111 0.212500
2 0.404167 0.517188 0.283333 0.206250
2 0.650000 0.491797 0.291667 0.219531
2 0.690972 0.692187 0.312500 0.200000
2 0.410417 0.692187 0.354167 0.179688
2 0.369444 0.890234 0.372222 0.219531
2 0.638194 0.892578 0.304167 0.214844
2 0.890972 0.508203 0.218056 0.210156
2 0.893056 0.671875 0.213889 0.150000
2 0.165972 0.614844 0.329167 0.150000
2 0.147222 0.471875 0.286111 0.148438
