2 0.271528 0.209766 0.248611 0.171094
2 0.535417 0.196875 0.248611 0.167187
2 0.775694 0.179297 0.231944 0.169531
2 0.802778 0.346094 0.250000 0.196875
2 0.549306 0.356250 0.259722 0.195312
2 0.317361 0.371094 0.243056 0.181250
2 0.403472 0.519141 0.234722 0.174219
2 0.645139 0.510547 0.273611 0.202344
2 0.655556 0.680078 0.255556 0.196094
2 0.863889 0.491016 0.255556 0.203906
2 0.868750 0.679297 0.262500 0.189844
2 0.398611 0.701562 0.263889 0.200000
2 0.162500 0.772656 0.297222 0.148438
2 0.383333 0.892969 0.244444 0.203125
2 0.643750 0.880859 0.287500 0.224219
