2 0.178472 0.120703 0.354167 0.171094
2 0.526389 0.183203 0.350000 0.149219
2 0.816667 0.205078 0.286111 0.144531
2 0.802778 0.332422 0.316667 0.130469
2 0.525694 0.311328 0.312500 0.138281
2 0.197917 0.277344 0.387500 0.170313
2 0.149306 0.448828 0.281944 0.189844
2 0.395139 0.460938 0.309722 0.198437
2 0.663194 0.473438 0.245833 0.173437
2 0.873611 0.473438 0.222222 0.184375
2 0.856944 0.659766 0.236111 0.189844
2 0.623611 0.656250 0.261111 0.187500
2 0.366667 0.654687 0.272222 0.193750
2 0.118750 0.644531 0.234722 0.228125
2 0.347222 0.871875 0.322222 0.223438
2 0.593750 0.842578 0.320833 0.208594
2 0.826389 0.833203 0.288889 0.183594
