2 0.483333 0.261328 0.397222 0.194531
2 0.474306 0.419922 0.445833 0.185156
2 0.460417 0.597266 0.437500 0.175781
2 0.465972 0.723828 0.331944 0.150781
2 0.485417 0.869531 0.365278 0.150000
2 0.806250 0.850391 0.368056 0.171094
2 0.805556 0.717578 0.327778 0.163281
2 0.823611 0.573047 0.322222 0.155469
2 0.805556 0.426563 0.297222 0.159375
2 0.829861 0.274609 0.340278 0.182031
2 0.814583 0.105078 0.370833 0.200781
2 0.449306 0.095703 0.401389 0.189844
2 0.145833 0.294922 0.288889 0.188281
2 0.150694 0.471875 0.298611 0.170313
2 0.125694 0.628125 0.248611 0.162500
2 0.143056 0.771094 0.283333 0.156250
2 0.179861 0.903516 0.320833 0.139844
