2 0.212891 0.504167 0.177344 0.366667
2 0.359375 0.497222 0.167187 0.341667
2 0.490625 0.469444 0.150000 0.333333
2 0.624609 0.467361 0.147656 0.301389
2 0.741016 0.453472 0.149219 0.323611
2 0.783594 0.190972 0.153125 0.315278
2 0.648047 0.178472 0.136719 0.354167
2 0.523047 0.170833 0.142969 0.286111
2 0.380859 0.166667 0.174219 0.330556
2 0.240234 0.159722 0.174219 0.263889
2 0.225781 0.806250 0.184375 0.387500
2 0.367578 0.802083 0.167969 0.331944
2 0.493359 0.783333 0.178906 0.300000
2 0.614062 0.751389 0.153125 0.369444
2 0.734766 0.739583 0.130469 0.318056
