2 0.236111 0.267578 0.347222 0.150781
2 0.245833 0.119141 0.366667 0.166406
2 0.590972 0.164844 0.331944 0.153125
2 0.565972 0.291406 0.320833 0.150000
2 0.854167 0.175391 0.291667 0.158594
2 0.866667 0.310547 0.266667 0.149219
2 0.727778 0.458984 0.258333 0.194531
2 0.477083 0.444141 0.265278 0.210156
2 0.192361 0.445703 0.315278 0.214844
2 0.713194 0.645312 0.248611 0.192188
2 0.442361 0.653906 0.251389 0.212500
2 0.163194 0.650391 0.323611 0.232031
2 0.151389 0.850391 0.286111 0.200781
2 0.413889 0.858984 0.327778 0.217969
2 0.702083 0.838672 0.226389 0.202344
