2 0.178906 0.188889 0.151562 0.361111
2 0.312891 0.178472 0.130469 0.301389
2 0.558203 0.155556 0.132031 0.294444
2 0.439063 0.154861 0.157812 0.306944
2 0.720313 0.156250 0.187500 0.309722
2 0.745313 0.488194 0.125000 0.318056
2 0.584766 0.472222 0.149219 0.350000
2 0.460156 0.456250 0.157812 0.329167
2 0.314453 0.454861 0.185156 0.368056
2 0.203906 0.440278 0.117188 0.275000
2 0.198047 0.763194 0.135156 0.323611
2 0.323047 0.793056 0.121094 0.413889
2 0.441406 0.776389 0.126562 0.408333
2 0.562109 0.756944 0.130469 0.363889
2 0.717578 0.811111 0.147656 0.338889
