2 0.111111 0.191797 0.219444 0.149219
2 0.377778 0.159766 0.375000 0.164844
2 0.707639 0.133984 0.384722 0.149219
2 0.715972 0.258203 0.351389 0.133594
2 0.404167 0.292187 0.352778 0.134375
2 0.822917 0.424609 0.293056 0.208594
2 0.539583 0.429297 0.287500 0.153906
2 0.265972 0.452344 0.295833 0.207813
2 0.221528 0.636719 0.284722 0.204687
2 0.512500 0.625391 0.322222 0.221094
2 0.813889 0.619531 0.352778 0.253125
2 0.793056 0.835938 0.372222 0.260937
2 0.517361 0.835938 0.323611 0.234375
2 0.185417 0.842969 0.320833 0.220312
