2 0.214583 0.267188 0.323611 0.160938
2 0.234028 0.118359 0.329167 0.167969
2 0.539583 0.160156 0.379167 0.167187
2 0.837500 0.158984 0.297222 0.152344
2 0.531250 0.291406 0.359722 0.151562
2 0.845833 0.284766 0.286111 0.152344
2 0.177083 0.429688 0.290278 0.209375
2 0.436111 0.433594 0.258333 0.173437
2 0.688194 0.441016 0.268056 0.188281
2 0.684722 0.613672 0.272222 0.171094
2 0.406944 0.625391 0.233333 0.197656
2 0.138194 0.623828 0.273611 0.202344
2 0.144444 0.819531 0.272222 0.195312
2 0.390972 0.828125 0.295833 0.220312
2 0.652778 0.814453 0.288889 0.219531
2 0.896528 0.796875 0.206944 0.190625
