2 0.322917 0.212109 0.293056 0.182031
2 0.568750 0.208203 0.295833 0.183594
2 0.820833 0.208594 0.341667 0.178125
2 0.822222 0.379297 0.350000 0.191406
2 0.560417 0.375000 0.273611 0.190625
2 0.325000 0.382422 0.277778 0.202344
2 0.122222 0.381641 0.241667 0.183594
2 0.270833 0.548438 0.250000 0.189062
2 0.494444 0.553906 0.277778 0.182812
2 0.795139 0.512109 0.370833 0.146094
2 0.756944 0.647266 0.408333 0.160156
2 0.771528 0.796094 0.356944 0.156250
2 0.489583 0.721484 0.318056 0.205469
2 0.246528 0.716406 0.240278 0.189062
2 0.516667 0.901953 0.294444 0.180469
2 0.252778 0.897266 0.263889 0.180469
