2 0.209722 0.188281 0.291667 0.171875
2 0.432639 0.183984 0.273611 0.203906
2 0.693056 0.187891 0.305556 0.203906
2 0.642361 0.362109 0.243056 0.175781
2 0.402083 0.353125 0.304167 0.196875
2 0.175000 0.342578 0.311111 0.183594
2 0.584028 0.525000 0.259722 0.165625
2 0.331944 0.518359 0.258333 0.189844
2 0.127083 0.505859 0.251389 0.200781
2 0.546528 0.697266 0.259722 0.203906
2 0.304167 0.695312 0.275000 0.187500
2 0.328472 0.887500 0.295833 0.207813
2 0.590278 0.893750 0.311111 0.198437
2 0.843750 0.782813 0.304167 0.182812
2 0.827083 0.634766 0.329167 0.161719
2 0.857639 0.496875 0.276389 0.179688
