2 0.229861 0.131641 0.343056 0.149219
2 0.568750 0.168359 0.309722 0.158594
2 0.836806 0.180469 0.326389 0.151562
2 0.828472 0.304297 0.343056 0.147656
2 0.579167 0.306250 0.375000 0.123438
2 0.232639 0.280078 0.381944 0.155469
2 0.161806 0.420703 0.245833 0.175781
2 0.409722 0.441797 0.250000 0.186719
2 0.673611 0.446875 0.227778 0.181250
2 0.875694 0.457031 0.237500 0.195312
2 0.878472 0.631641 0.243056 0.189844
2 0.644444 0.628516 0.316667 0.189844
2 0.364583 0.621094 0.293056 0.190625
2 0.122222 0.609766 0.241667 0.230469
2 0.106944 0.800781 0.211111 0.153125
2 0.356944 0.823828 0.272222 0.208594
2 0.597222 0.815625 0.302778 0.234375
2 0.838889 0.812500 0.280556 0.196875
