2 0.472222 0.223828 0.350000 0.221094
2 0.772917 0.232813 0.318056 0.212500
2 0.759722 0.423047 0.300000 0.174219
2 0.482639 0.419922 0.323611 0.202344
2 0.181250 0.382031 0.359722 0.156250
2 0.182639 0.210547 0.362500 0.228906
2 0.181250 0.530469 0.359722 0.148438
2 0.518056 0.589453 0.258333 0.161719
2 0.743056 0.581641 0.288889 0.200781
2 0.718056 0.750781 0.319444 0.164062
2 0.477083 0.747266 0.290278 0.202344
2 0.194444 0.676953 0.363889 0.196094
2 0.186111 0.823828 0.369444 0.189844
2 0.670833 0.916797 0.244444 0.166406
2 0.402083 0.908203 0.301389 0.144531
