2 0.202344 0.175694 0.182812 0.301389
2 0.336328 0.173611 0.141406 0.286111
2 0.450000 0.169444 0.178125 0.336111
2 0.587891 0.178472 0.172656 0.334722
2 0.605078 0.500694 0.177344 0.304167
2 0.737891 0.170833 0.175781 0.333333
2 0.762109 0.488194 0.175781 0.306944
2 0.483203 0.450000 0.171094 0.283333
2 0.366797 0.481944 0.188281 0.272222
2 0.238281 0.752778 0.189062 0.280556
2 0.239063 0.465278 0.157812 0.283333
2 0.344531 0.782639 0.148438 0.306944
2 0.466016 0.802083 0.152344 0.304167
2 0.593750 0.802083 0.148438 0.304167
2 0.760547 0.822222 0.160156 0.322222
