2 0.254297 0.154861 0.202344 0.306944
2 0.407422 0.172222 0.155469 0.341667
2 0.563672 0.164583 0.188281 0.312500
2 0.697266 0.156250 0.136719 0.309722
2 0.838672 0.168750 0.175781 0.315278
2 0.241406 0.464583 0.207813 0.370833
2 0.408203 0.457639 0.197656 0.373611
2 0.547266 0.430556 0.146094 0.341667
2 0.685937 0.445833 0.156250 0.327778
2 0.819922 0.448611 0.144531 0.344444
2 0.250391 0.809028 0.174219 0.359722
2 0.404297 0.811806 0.139844 0.323611
2 0.539453 0.803472 0.169531 0.354167
2 0.697266 0.797917 0.169531 0.312500
2 0.826562 0.786111 0.148438 0.352778
