2 0.287500 0.163672 0.361111 0.167969
2 0.600000 0.210156 0.341667 0.170313
2 0.879167 0.217578 0.236111 0.160156
2 0.868056 0.335938 0.263889 0.139063
2 0.609722 0.318750 0.347222 0.153125
2 0.279167 0.290234 0.363889 0.153906
2 0.170139 0.432031 0.312500 0.220312
2 0.419444 0.453516 0.297222 0.200781
2 0.683333 0.476172 0.230556 0.183594
2 0.907639 0.501563 0.184722 0.206250
2 0.418056 0.638281 0.313889 0.220312
2 0.663889 0.658984 0.308333 0.182031
2 0.144444 0.621484 0.286111 0.227344
2 0.145833 0.837500 0.288889 0.221875
2 0.427778 0.847266 0.300000 0.227344
2 0.688194 0.862500 0.326389 0.235937
