2 0.298611 0.158594 0.300000 0.145313
2 0.608333 0.191016 0.319444 0.139844
2 0.878472 0.216406 0.243056 0.134375
2 0.883333 0.331641 0.233333 0.130469
2 0.604167 0.320312 0.336111 0.134375
2 0.297222 0.289844 0.386111 0.142187
2 0.189583 0.427734 0.295833 0.175781
2 0.447917 0.445703 0.273611 0.194531
2 0.679167 0.470313 0.308333 0.204687
2 0.704167 0.644141 0.283333 0.175781
2 0.452083 0.635547 0.315278 0.189844
2 0.187500 0.614453 0.308333 0.214844
2 0.170833 0.821875 0.308333 0.217188
2 0.445833 0.828906 0.286111 0.210938
2 0.713889 0.848828 0.297222 0.221094
