2 0.279861 0.164062 0.281944 0.195312
2 0.534722 0.155469 0.230556 0.217188
2 0.799306 0.177734 0.315278 0.211719
2 0.786806 0.340234 0.268056 0.186719
2 0.523611 0.339844 0.347222 0.245312
2 0.245139 0.317969 0.287500 0.195312
2 0.163194 0.497266 0.318056 0.210156
2 0.456944 0.501172 0.294444 0.194531
2 0.693056 0.519922 0.258333 0.214844
2 0.697917 0.707422 0.387500 0.224219
2 0.429167 0.691406 0.319444 0.189062
2 0.163889 0.691797 0.302778 0.230469
2 0.161806 0.878125 0.315278 0.206250
2 0.441667 0.886328 0.300000 0.227344
2 0.725000 0.891016 0.311111 0.217969
