2 0.222917 0.181641 0.326389 0.153906
2 0.520833 0.220312 0.302778 0.131250
2 0.842361 0.233203 0.315278 0.139844
2 0.845833 0.356250 0.308333 0.140625
2 0.531944 0.327734 0.363889 0.157031
2 0.211111 0.309766 0.355556 0.132031
2 0.119444 0.458984 0.236111 0.174219
2 0.368750 0.478125 0.254167 0.178125
2 0.616667 0.498437 0.263889 0.190625
2 0.873611 0.503125 0.241667 0.181250
2 0.635417 0.676172 0.284722 0.200781
2 0.881250 0.682813 0.237500 0.179688
2 0.354861 0.663281 0.318056 0.184375
2 0.116667 0.648438 0.230556 0.201563
2 0.131250 0.846484 0.259722 0.196094
2 0.358333 0.851172 0.294444 0.225781
2 0.634028 0.872656 0.326389 0.240625
2 0.872917 0.868359 0.254167 0.211719
