2 0.156944 0.163672 0.288889 0.133594
2 0.445833 0.158203 0.308333 0.139844
2 0.778472 0.120313 0.356944 0.157812
2 0.772222 0.268359 0.358333 0.147656
2 0.472222 0.290625 0.350000 0.129688
2 0.186111 0.284766 0.308333 0.138281
2 0.111806 0.435937 0.220833 0.165625
2 0.309028 0.441016 0.323611 0.177344
2 0.559722 0.432031 0.277778 0.184375
2 0.820833 0.433594 0.288889 0.178125
2 0.858333 0.617578 0.277778 0.214844
2 0.600694 0.629687 0.301389 0.207813
2 0.350694 0.624219 0.304167 0.178125
2 0.117361 0.616406 0.231944 0.159375
2 0.347222 0.809375 0.272222 0.215625
2 0.634722 0.826172 0.322222 0.236719
2 0.859722 0.815625 0.280556 0.237500
2 0.133333 0.811719 0.263889 0.204687
