2 0.370139 0.155078 0.298611 0.217969
2 0.635417 0.145313 0.354167 0.221875
2 0.886111 0.132812 0.227778 0.212500
2 0.886111 0.326172 0.227778 0.210156
2 0.656250 0.324219 0.323611 0.181250
2 0.421528 0.351953 0.301389 0.210156
2 0.160417 0.321094 0.284722 0.198437
2 0.168056 0.483984 0.333333 0.178906
2 0.443056 0.515625 0.302778 0.192188
2 0.682639 0.516016 0.265278 0.186719
2 0.688194 0.690625 0.287500 0.179688
2 0.477083 0.693359 0.245833 0.152344
2 0.179167 0.764453 0.333333 0.160156
2 0.182639 0.613672 0.362500 0.138281
2 0.445139 0.872656 0.295833 0.210938
2 0.675000 0.871875 0.311111 0.201563
