2 0.311111 0.352344 0.294444 0.206250
2 0.570833 0.339062 0.330556 0.179688
2 0.829861 0.330078 0.331944 0.211719
2 0.652083 0.508984 0.356944 0.200781
2 0.408333 0.521094 0.302778 0.189062
2 0.390278 0.686719 0.275000 0.176563
2 0.661111 0.678125 0.261111 0.164062
2 0.875694 0.669922 0.248611 0.186719
2 0.839583 0.840234 0.320833 0.188281
2 0.627083 0.855078 0.254167 0.185156
2 0.358333 0.861719 0.275000 0.184375
2 0.587500 0.144141 0.272222 0.241406
2 0.292361 0.150781 0.362500 0.214062
2 0.849306 0.123828 0.301389 0.214844
