2 0.522917 0.302344 0.331944 0.150000
2 0.554861 0.177344 0.326389 0.139063
2 0.218056 0.152734 0.366667 0.155469
2 0.208333 0.284766 0.313889 0.142969
2 0.843750 0.182422 0.301389 0.147656
2 0.826389 0.305078 0.300000 0.144531
2 0.893056 0.451953 0.213889 0.197656
2 0.668056 0.460156 0.277778 0.187500
2 0.418750 0.451172 0.273611 0.189844
2 0.155556 0.435547 0.308333 0.174219
2 0.126389 0.608984 0.250000 0.202344
2 0.376389 0.614453 0.258333 0.191406
2 0.623611 0.625391 0.294444 0.188281
2 0.885417 0.634766 0.229167 0.189844
2 0.322917 0.814844 0.273611 0.214062
2 0.590972 0.806641 0.270833 0.192969
2 0.849306 0.813672 0.259722 0.199219
2 0.114583 0.800000 0.226389 0.204687
