2 0.223611 0.148438 0.275000 0.157812
2 0.515278 0.156250 0.347222 0.137500
2 0.833333 0.143750 0.333333 0.145313
2 0.218056 0.276953 0.316667 0.141406
2 0.526389 0.286719 0.363889 0.150000
2 0.842361 0.281641 0.315278 0.164844
2 0.150000 0.439063 0.291667 0.173437
2 0.378472 0.433984 0.262500 0.194531
2 0.622222 0.439453 0.283333 0.202344
2 0.875694 0.432812 0.248611 0.196875
2 0.147222 0.612891 0.286111 0.194531
2 0.404861 0.628125 0.309722 0.196875
2 0.667361 0.630859 0.279167 0.197656
2 0.881944 0.621094 0.236111 0.179688
2 0.157639 0.794922 0.279167 0.182031
2 0.402083 0.816016 0.273611 0.196094
2 0.650000 0.821484 0.352778 0.233594
