2 0.315972 0.130469 0.337500 0.212500
2 0.591667 0.123047 0.283333 0.188281
2 0.886806 0.135547 0.226389 0.199219
2 0.842361 0.304688 0.315278 0.175000
2 0.581250 0.322656 0.393056 0.195312
2 0.293056 0.301172 0.363889 0.191406
2 0.188194 0.494141 0.318056 0.202344
2 0.475000 0.491016 0.297222 0.202344
2 0.811111 0.456250 0.377778 0.176563
2 0.732639 0.601172 0.443056 0.194531
2 0.443056 0.678516 0.383333 0.202344
2 0.168750 0.676953 0.334722 0.239844
2 0.792361 0.778516 0.387500 0.203906
2 0.466667 0.887891 0.350000 0.210156
2 0.182639 0.884375 0.345833 0.204687
