2 0.399306 0.337109 0.276389 0.214844
2 0.365972 0.495312 0.256944 0.168750
2 0.339583 0.665625 0.248611 0.189062
2 0.571528 0.661719 0.240278 0.175000
2 0.609722 0.513281 0.266667 0.175000
2 0.676389 0.351172 0.244444 0.225781
2 0.731250 0.169531 0.337500 0.220312
2 0.447917 0.153906 0.340278 0.235937
2 0.180556 0.144531 0.358333 0.217188
2 0.160417 0.498047 0.284722 0.177344
2 0.125694 0.677734 0.248611 0.150781
2 0.622917 0.849609 0.276389 0.167969
2 0.388194 0.839844 0.254167 0.198437
2 0.167361 0.822266 0.265278 0.178906
2 0.850694 0.740234 0.298611 0.139844
2 0.841667 0.602344 0.316667 0.156250
2 0.890972 0.478906 0.218056 0.150000
