2 0.188194 0.188672 0.295833 0.139844
2 0.484028 0.188672 0.348611 0.144531
2 0.812500 0.170703 0.338889 0.138281
2 0.504861 0.317969 0.412500 0.129688
2 0.204861 0.305859 0.315278 0.135156
2 0.834028 0.300781 0.326389 0.139063
2 0.136806 0.451172 0.254167 0.175781
2 0.380556 0.448828 0.258333 0.178906
2 0.620139 0.443750 0.284722 0.190625
2 0.872917 0.440234 0.254167 0.186719
2 0.155556 0.625000 0.288889 0.173437
2 0.393056 0.624219 0.344444 0.170313
2 0.650694 0.622656 0.312500 0.181250
2 0.440278 0.798828 0.302778 0.196094
2 0.704861 0.808203 0.276389 0.214844
2 0.186111 0.812891 0.263889 0.191406
